# B->K^*::alpha^A0_0@BSZ2015 B->K^*::alpha^T23_2@BSZ2015
4.259400210507740571e-04 1.129355037296629236e-04 -6.468880353012816664e-03 7.338932454062591180e-05 1.052260223999141838e-04 -6.874251662770437549e-04 1.805632803322720567e-03 3.581088668363097138e-03 9.080432643961463136e-05 -3.157741515440024471e-04 -8.357623271269124573e-04 1.142711062496229414e-04 -2.772602944551095855e-04 -9.594804266779908674e-04 2.698346209945492319e-04 -4.195936958600971975e-04 3.337455663468789913e-04 1.590912852437619289e-03 -3.815319706289728294e-05
1.129355037296629236e-04 4.689688187378161614e-03 -2.081359754394996806e-02 -1.067907528261360375e-04 1.540319474049442992e-03 1.325443627808101663e-03 4.119435446507667062e-03 1.474766728197611336e-02 -1.923733272529630598e-04 3.365016212091714604e-03 -1.146766397666244483e-02 -1.139892980318124138e-04 3.112709738594054368e-03 -1.113217698981084670e-02 2.178533799918137229e-03 5.887637630862362602e-03 4.610869192694259445e-05 9.284846471636165263e-03 3.022899501194257002e-02
-6.468880353012816664e-03 -2.081359754394996806e-02 1.943395689676415683e-01 -1.137821750097577382e-03 -1.150652580584394374e-02 6.402422039624438774e-03 -4.195267725601407871e-02 -9.973023027854924227e-02 -1.017865945333500241e-03 -1.124549585355412093e-02 7.812342280434793340e-02 -1.776667172736891634e-03 -1.021568111189122621e-02 7.669618610549187865e-02 -1.747085355291799758e-02 -1.764200972966575853e-02 -5.302054032900913386e-03 -6.321281747362501868e-02 -1.083517296431979055e-01
7.338932454062591180e-05 -1.067907528261360375e-04 -1.137821750097577382e-03 1.536784663183247762e-04 4.949120463141933870e-04 -1.464695119955415137e-04 1.454276958037798296e-04 -5.642913938485815371e-04 1.416487257511155865e-04 -1.805760763349409186e-05 -1.794588657578560570e-03 1.392048290215087806e-04 -2.766668080520772667e-05 -1.573878158556342444e-03 5.772728156213947351e-04 4.842097100682202985e-04 1.793863217041885907e-04 6.350736391026359350e-04 -3.373694812956591041e-04
1.052260223999141838e-04 1.540319474049442992e-03 -1.150652580584394374e-02 4.949120463141933870e-04 3.175326983498187854e-03 4.086196696080239619e-04 1.272353653538053908e-03 -2.299716569190256982e-04 3.920517677008584275e-04 2.329798639004816187e-03 -1.412468384648154877e-02 4.289632507757710589e-04 2.096317276857984340e-03 -1.291881421832529082e-02 3.704996618729321147e-03 5.457942353683123068e-03 4.248128489106748262e-04 5.057860454522184607e-03 7.130872676582627502e-03
-6.874251662770437549e-04 1.325443627808101663e-03 6.402422039624438774e-03 -1.464695119955415137e-04 4.086196696080239619e-04 1.210982891695173459e-02 -1.205731634976335218e-03 5.495402194900535740e-03 -3.165664136797058923e-04 3.021882415361976191e-03 4.490420036796040674e-04 -2.340174339867266749e-04 3.000081596249335857e-03 -1.549529647034425181e-03 9.095776869270892758e-04 1.379093747510433052e-02 -1.131150938134248274e-03 -1.844440302192744277e-03 1.455686347644656944e-02
1.805632803322720567e-03 4.119435446507667062e-03 -4.195267725601407871e-02 1.454276958037798296e-04 1.272353653538053908e-03 -1.205731634976335218e-03 1.085547518304117928e-02 2.942842642508423229e-02 1.367698705944822384e-04 1.545851920117714221e-03 -1.250608571770779609e-02 2.966915340749651025e-04 1.431452810645340292e-03 -1.260382477957658169e-02 2.589913977344136722e-03 2.754598657763250146e-03 1.169701945430617895e-03 1.298509711325204589e-02 2.382856154254155839e-02
3.581088668363097138e-03 1.474766728197611336e-02 -9.973023027854924227e-02 -5.642913938485815371e-04 -2.299716569190256982e-04 5.495402194900535740e-03 2.942842642508423229e-02 1.158321907210329571e-01 -6.809343791796428806e-04 6.959376801690010141e-03 -3.022120109504659521e-02 -4.116371826474547399e-04 6.485529768507218226e-03 -2.880893809777652220e-02 3.704586261230033862e-03 1.412895043037246806e-02 6.370500237153259348e-04 3.135918309485722505e-02 1.115820605372811192e-01
9.080432643961463136e-05 -1.923733272529630598e-04 -1.017865945333500241e-03 1.416487257511155865e-04 3.920517677008584275e-04 -3.165664136797058923e-04 1.367698705944822384e-04 -6.809343791796428806e-04 2.406897884672332209e-04 -1.261213194861873776e-04 -2.063232536023135947e-03 1.663414566879967984e-04 -1.875134310796051093e-04 -1.370168683807159718e-03 5.586702492974290977e-04 2.744455675901198754e-04 2.441966504119624250e-04 8.189371863023982550e-04 2.231777939424393474e-04
-3.157741515440024471e-04 3.365016212091714604e-03 -1.124549585355412093e-02 -1.805760763349409186e-05 2.329798639004816187e-03 3.021882415361976191e-03 1.545851920117714221e-03 6.959376801690010141e-03 -1.261213194861873776e-04 4.779351784914612732e-03 -1.550965385316196467e-02 -1.152215893148200471e-04 4.150247711532614216e-03 -1.403812871489719394e-02 3.016055519617009267e-03 8.199938027930630396e-03 -4.862891632214463877e-04 5.006730464945636713e-03 1.753786058376689480e-02
-8.357623271269124573e-04 -1.146766397666244483e-02 7.812342280434793340e-02 -1.794588657578560570e-03 -1.412468384648154877e-02 4.490420036796040674e-04 -1.250608571770779609e-02 -3.022120109504659521e-02 -2.063232536023135947e-03 -1.550965385316196467e-02 9.880888497926507141e-02 -1.775793856577671543e-03 -1.291055541221325376e-02 8.304889140951360327e-02 -1.965709348090566994e-02 -2.590364695271148501e-02 -2.359722263029626586e-03 -3.526746361530835178e-02 -5.564646726214107081e-02
1.142711062496229414e-04 -1.139892980318124138e-04 -1.776667172736891634e-03 1.392048290215087806e-04 4.289632507757710589e-04 -2.340174339867266749e-04 2.966915340749651025e-04 -4.116371826474547399e-04 1.663414566879967984e-04 -1.152215893148200471e-04 -1.775793856577671543e-03 1.958311110847927477e-04 -7.380232349342407403e-05 -1.927141298322647672e-03 7.740790294676280986e-04 8.049331204859769620e-04 2.613536260954731853e-04 9.903159051080593234e-04 -1.424939779254595976e-04
-2.772602944551095855e-04 3.112709738594054368e-03 -1.021568111189122621e-02 -2.766668080520772667e-05 2.096317276857984340e-03 3.000081596249335857e-03 1.431452810645340292e-03 6.485529768507218226e-03 -1.875134310796051093e-04 4.150247711532614216e-03 -1.291055541221325376e-02 -7.380232349342407403e-05 3.898326215943239553e-03 -1.251957304056137629e-02 2.881402783938372472e-03 8.858287037503404307e-03 -3.914744010520982147e-04 4.704035874928209383e-03 1.783367259104635949e-02
-9.594804266779908674e-04 -1.113217698981084670e-02 7.669618610549187865e-02 -1.573878158556342444e-03 -1.291881421832529082e-02 -1.549529647034425181e-03 -1.260382477957658169e-02 -2.880893809777652220e-02 -1.370168683807159718e-03 -1.403812871489719394e-02 8.304889140951360327e-02 -1.927141298322647672e-03 -1.251957304056137629e-02 7.989722612818968284e-02 -1.957354505150956520e-02 -2.895176435986962157e-02 -2.255465787556812634e-03 -3.324997776707903918e-02 -4.803029507435935958e-02
2.698346209945492319e-04 2.178533799918137229e-03 -1.747085355291799758e-02 5.772728156213947351e-04 3.704996618729321147e-03 9.095776869270892758e-04 2.589913977344136722e-03 3.704586261230033862e-03 5.586702492974290977e-04 3.016055519617009267e-03 -1.965709348090566994e-02 7.740790294676280986e-04 2.881402783938372472e-03 -1.957354505150956520e-02 5.820679241105960328e-03 9.594950123868361408e-03 8.060918910541049493e-04 8.369981557743835787e-03 1.253373667453351083e-02
-4.195936958600971975e-04 5.887637630862362602e-03 -1.764200972966575853e-02 4.842097100682202985e-04 5.457942353683123068e-03 1.379093747510433052e-02 2.754598657763250146e-03 1.412895043037246806e-02 2.744455675901198754e-04 8.199938027930630396e-03 -2.590364695271148501e-02 8.049331204859769620e-04 8.858287037503404307e-03 -2.895176435986962157e-02 9.594950123868361408e-03 3.806859173432762533e-02 2.470809342581830768e-04 1.308323329248201050e-02 5.539006598512757201e-02
3.337455663468789913e-04 4.610869192694259445e-05 -5.302054032900913386e-03 1.793863217041885907e-04 4.248128489106748262e-04 -1.131150938134248274e-03 1.169701945430617895e-03 6.370500237153259348e-04 2.441966504119624250e-04 -4.862891632214463877e-04 -2.359722263029626586e-03 2.613536260954731853e-04 -3.914744010520982147e-04 -2.255465787556812634e-03 8.060918910541049493e-04 2.470809342581830768e-04 1.322293845574133275e-03 6.678790124110364768e-03 9.192243602939716499e-03
1.590912852437619289e-03 9.284846471636165263e-03 -6.321281747362501868e-02 6.350736391026359350e-04 5.057860454522184607e-03 -1.844440302192744277e-03 1.298509711325204589e-02 3.135918309485722505e-02 8.189371863023982550e-04 5.006730464945636713e-03 -3.526746361530835178e-02 9.903159051080593234e-04 4.704035874928209383e-03 -3.324997776707903918e-02 8.369981557743835787e-03 1.308323329248201050e-02 6.678790124110364768e-03 5.475304414101470757e-02 1.282159275060628933e-01
-3.815319706289728294e-05 3.022899501194257002e-02 -1.083517296431979055e-01 -3.373694812956591041e-04 7.130872676582627502e-03 1.455686347644656944e-02 2.382856154254155839e-02 1.115820605372811192e-01 2.231777939424393474e-04 1.753786058376689480e-02 -5.564646726214107081e-02 -1.424939779254595976e-04 1.783367259104635949e-02 -4.803029507435935958e-02 1.253373667453351083e-02 5.539006598512757201e-02 9.192243602939716499e-03 1.282159275060628933e-01 5.523629777182071932e-01
